21
1 1 1 1 1 1 1 1 1 1 1 1 1 1 1 1 1 1 1 1 1

0 6 4 0 0 4 20 10 0 10 4 10 0 0 4 0 10 12 6 0 2
0 0 8 0 20 8 0 0 4 4 2 0 10 0 0 0 0 4 0 2 12
0 0 0 6 8 0 10 10 10 2 8 2 0 8 0 8 0 12 6 4 10
0 0 0 0 0 0 0 4 4 0 12 0 4 10 4 10 2 2 2 2 4
0 0 0 0 0 10 4 0 0 0 0 4 0 0 0 0 4 2 0 0 4
0 0 0 0 0 0 2 4 4 2 8 20 20 4 10 10 0 10 0 0 0
0 0 0 0 0 0 0 20 20 10 20 20 12 0 0 20 4 2 20 2 10
0 0 0 0 0 0 0 0 2 6 10 0 0 0 4 8 10 4 20 12 0
0 0 0 0 0 0 0 0 0 20 4 2 10 4 0 6 0 4 0 0 8
0 0 0 0 0 0 0 0 0 0 10 10 12 0 2 10 10 0 10 4 6
0 0 0 0 0 0 0 0 0 0 0 0 0 2 4 2 0 4 0 0 0
0 0 0 0 0 0 0 0 0 0 0 0 10 10 4 0 0 0 0 4 0
0 0 0 0 0 0 0 0 0 0 0 0 0 4 0 8 4 4 2 0 12
0 0 0 0 0 0 0 0 0 0 0 0 0 0 4 2 0 10 6 20 0
0 0 0 0 0 0 0 0 0 0 0 0 0 0 0 8 10 2 0 2 0
0 0 0 0 0 0 0 0 0 0 0 0 0 0 0 0 0 6 0 4 4
0 0 0 0 0 0 0 0 0 0 0 0 0 0 0 0 0 4 4 0 0
0 0 0 0 0 0 0 0 0 0 0 0 0 0 0 0 0 0 10 2 4
0 0 0 0 0 0 0 0 0 0 0 0 0 0 0 0 0 0 0 0 10
0 0 0 0 0 0 0 0 0 0 0 0 0 0 0 0 0 0 0 0 10
0 0 0 0 0 0 0 0 0 0 0 0 0 0 0 0 0 0 0 0 0